251 passos no total
4 moedas no total
95 passos ate a saida
2 moedas no caminho certo
3 39
3 38
2 38
1 38
1 37
1 36
1 35
1 34
1 33
2 33
3 33
3 32
4 32
5 32
6 32
7 32
7 33
7 34
7 35
7 36
7 37
7 38
8 38
9 38
10 38
11 38
11 37
11 36
11 35
11 34
11 33
11 32
11 31
11 30
11 29
11 28
11 27
10 27
9 27
8 27
7 27
6 27
5 27
4 27
4 26
4 25
4 24
4 23
4 22
4 21
5 21
5 20
5 19
6 19
7 19
7 18
7 17
7 16
7 15
7 14
7 13
7 12
7 11
7 10
7 9
7 8
7 7
7 6
7 5
7 4
8 4
9 4
9 3
10 3
11 3
11 2
11 1
10 1
9 1
8 1
7 1
6 1
5 1
4 1
3 1
2 1
1 1
